(12 < None > 1),(0 < 3 > 2),(1 < 6 > 3),(2 < 4 > 4),(3 < -6 > 5),(4 < 2 > 6),(5 < -4 > 7),(6 < 5 > 8),(7 < -7 > 9),(8 < -3 > 10),(9 < 6 > 11),(10 < 3 > 12),(11 < -4 > 0)
dec_t= 6  H.size= 11
[3,6,4,-6,2,-4,5,^-7,-3,6,3,-4]
                               (-10, 8)
              (-4, 4)                             (-2, 3)
      (3, 9)           (-2, 5)            (1, 6)           (-2, 7)
 (10, 2)   (9, 1)  (9, 10) (-1, 11)
dec_t= 6  H.size= 11
[3,6,4,^-6,2,-4,5,-10,6,3,-4]
                                (-4, 4)
              (-4, 8)                             (-2, 3)
      (3, 9)           (-2, 5)            (1, 6)           (-2, 7)
 (10, 2)   (9, 1)  (9, 10) (-1, 11)
dec_t= 5  H.size= 11
[3,6,4,^-4,-4,5,-10,6,3,-4]
                                (-8, 4)
              (-4, 8)                             (-2, 3)
      (3, 9)           (-2, 5)            (1, 6)           (-2, 7)
 (10, 2)   (9, 1)  (9, 10) (-1, 11)
dec_t= 5  H.size= 11
[3,6,4,-8,5,^-10,6,3,-4]
                                (-4, 8)
              (-3, 4)                             (-2, 3)
      (3, 9)           (-2, 5)            (1, 6)           (-2, 7)
 (10, 2)   (9, 1)  (9, 10) (-1, 11)
dec_t= 4  H.size= 11
[3,6,4,^-8,5,-4,3,-4]
                                (-3, 4)
              (-2, 5)                             (-2, 3)
      (3, 9)           (-1, 8)            (1, 6)           (-2, 7)
 (10, 2)   (9, 1)  (9, 10) (-1, 11)
dec_t= 4  H.size= 11
[3,6,4,^-3,-4,3,-4]
                                (-7, 4)
              (-2, 5)                             (-2, 3)
      (3, 9)           (-1, 8)            (1, 6)           (-2, 7)
 (10, 2)   (9, 1)  (9, 10) (-1, 11)
dec_t= 3  H.size= 11
[3,6,4,^-7,3,-4]
                                (-4, 4)
              (-2, 5)                             (-2, 3)
      (3, 9)           (-1, 8)            (1, 6)           (-2, 7)
 (10, 2)   (9, 1)  (9, 10) (-1, 11)
dec_t= 2  H.size= 11
[3,6,4,^-4,-4]
                                (-8, 4)
              (-2, 5)                             (-2, 3)
      (3, 9)           (-1, 8)            (1, 6)           (-2, 7)
 (10, 2)   (9, 1)  (9, 10) (-1, 11)
dec_t= 2  H.size= 11
[3,6,^4,-8]
                                (-4, 3)
              (-2, 5)                             (-2, 3)
      (3, 9)           (-1, 8)            (1, 6)           (-2, 7)
 (10, 2)   (9, 1)  (9, 10) (-1, 11)
dec_t= 1  H.size= 5
[3,^6,-4]
             (2, 2)
     (3, 9)         (9, 10)
(10, 2)  (9, 1)
dec_t= 1  H.size= 4
[^3,2]
             (5, 1)
     (9, 1)         (9, 10)
(10, 2)
dec_t= 0
[5]
11