(8 < None > 1),(0 < 3 > 2),(1 < 4 > 3),(2 < 1 > 4),(3 < 1 > 5),(4 < -3 > 6),(5 < 2 > 7),(6 < 4 > 8),(7 < 3 > 0)
dec_t= 3  H.size= 7
[3,4,1,^1,-3,2,4,3]
          (-2, 4)
   (-1, 5)       (2, 3)
(5, 2) (7, 1) (6, 6) (7, 7)
new_items: [(-1, 3), (0, 4)]
dec_t= 3  H.size= 8
[3,4,^1,-2,2,4,3]
                        (-1, 3)
          (-1, 5)                     (2, 3)
   (0, 4)        (7, 1)        (6, 6)        (7, 7)
(5, 2)
new_items: [(3, 2), (1, 3)]
dec_t= 2  H.size= 7
[3,4,^-1,2,4,3]
          (1, 3)
   (3, 2)        (2, 3)
(5, 2) (7, 1) (6, 6) (7, 7)
new_items: [(5, 2), (5, 3)]
dec_t= 2  H.size= 6
[3,^4,1,4,3]
          (5, 2)
   (5, 3)        (5, 2)
(7, 7) (7, 1) (6, 6)
new_items: [(8, 1), (9, 2)]
dec_t= 2  H.size= 3
[3,5,^4,3]
   (7, 7)
(9, 2) (8, 1)
new_items: [(12, 2)]
dec_t= 0
[3,5,7]
5