(base) PS D:\Users\java_lee\Documents\GitHub\LeetCode> & C:/Users/john/anaconda3/python.exe d:/Users/java_lee/Documents/GitHub/LeetCode/V0ts.py
初始数组: [3, 6, 4, -6, 2, -4, 5, -7, -3, 6, 3, -4]

步骤 1:
当前数组: [3, 6, 4, -6, 2, -4, 5, -7, -3, 6, 3, -4]
相邻和: [9, 10, -2, -4, -2, 1, -2, -10, 3, 9, -1]
选择索引 7 (和 = -10)
合并后数组: [3, 6, 4, -6, 2, -4, 5, -10, 6, 3, -4]

步骤 2:
当前数组: [3, 6, 4, -6, 2, -4, 5, -10, 6, 3, -4]
相邻和: [9, 10, -2, -4, -2, 1, -5, -4, 9, -1]
选择索引 6 (和 = -5)
合并后数组: [3, 6, 4, -6, 2, -4, -5, 6, 3, -4]

步骤 3:
当前数组: [3, 6, 4, -6, 2, -4, -5, 6, 3, -4]
相邻和: [9, 10, -2, -4, -2, -9, 1, 9, -1]
选择索引 5 (和 = -9)
合并后数组: [3, 6, 4, -6, 2, -9, 6, 3, -4]

步骤 4:
当前数组: [3, 6, 4, -6, 2, -9, 6, 3, -4]
相邻和: [9, 10, -2, -4, -7, -3, 9, -1]
选择索引 4 (和 = -7)
合并后数组: [3, 6, 4, -6, -7, 6, 3, -4]

步骤 5:
当前数组: [3, 6, 4, -6, -7, 6, 3, -4]
相邻和: [9, 10, -2, -13, -1, 9, -1]
选择索引 3 (和 = -13)
合并后数组: [3, 6, 4, -13, 6, 3, -4]

步骤 6:
当前数组: [3, 6, 4, -13, 6, 3, -4]
相邻和: [9, 10, -9, -7, 9, -1]
选择索引 2 (和 = -9)
合并后数组: [3, 6, -9, 6, 3, -4]

步骤 7:
当前数组: [3, 6, -9, 6, 3, -4]
相邻和: [9, -3, -3, 9, -1]
选择索引 1 (和 = -3)
合并后数组: [3, -3, 6, 3, -4]

步骤 8:
当前数组: [3, -3, 6, 3, -4]
相邻和: [0, 3, 9, -1]
选择索引 3 (和 = -1)
合并后数组: [3, -3, 6, -1]

步骤 9:
当前数组: [3, -3, 6, -1]
相邻和: [0, 3, 5]
选择索引 0 (和 = 0)
合并后数组: [0, 6, -1]

步骤 10:
当前数组: [0, 6, -1]
相邻和: [6, 5]
选择索引 1 (和 = 5)
合并后数组: [0, 5]

最终操作次数: 10
10